24 runs 4 cores N = 700
30085
30274
30049
30112
30112
30076
30067
30202
30247
30148
30283
30130
30112
30175
30211
30202
30031
30112
29986
30409
30166
30058
30058
Time taken: 0:20:53 (H:MM:SS)
30202
30238
30139
30058
30112
30103
29923
30283
30094
30103
30031
30067
30130
30040
30220
29941
30247
29977
30238
30301
30031
30220
30004
30094
Time taken: 0:23:21 (H:MM:SS)
29752
Time en rest scores verloren gegaan door terminal
30067
30202
30076
30022
29941
30193
30355
29896
30283
30166
30310
30112
30256
30130
29869
30067
30031
30193
30193
30373
30202
29986
29932
30049
Time taken: 0:26:44 (H:MM:SS)
30067
30202
30076
30022
29941
30193
30355
29896
30283
30166
30310
30112
30256
30130
29869
30067
30031
30193
30193
30373
30337
30256
30058
30229
30283
29986
30184
30112
30256
30229
29959
30256
30157
30292
30220
30445
30310
30292
29950
29986
30013
30022
30229
30139
16 runs 4 cores N = 700
Time taken: 0:21:47 (H:MM:SS)
30193
30130
30238
30076
30103
30157
30193
30139
30301
30274
30148
30265
30283
30067
30256
29878
Time taken: 0:16:38 (H:MM:SS)
30346
30121
30031
30067
30148
30157
30085
30265
30130
30193
30220
30292
29995
30193
29869
29950
Time taken: 0:14:24 (H:MM:SS)
30157
30373
30184
30148
30184
30139
30283
29887
30211
30391
30274
30103
30103
30346
30067
29959
Time taken: 0:15:42 (H:MM:SS)
30400
30292
30076
30112
30175
30085
29932
29986
30211
30139
30256
29968
30292
30031
30193
30031
Time taken: 0:18:37 (H:MM:SS)