30301
30013
30013
29896
30274
30175
30085
30148
30211
30121
30031
30058
30256
30076
29977
29950
30373
29905
30004
29995
30004
30076
30247
30121
30247
30058
30031
30283
30193
30382
30076
29950
30121
30265
30022
29896
30337
30283
30184
29959
30337
30031
30013
29923
30247
30211
30193
30112
30175
30373
30103
30175
30238
30391
30319
30094
30121
30229
30076
30058
30220
30310
29950
29977
30220
29986
30175
30022
30229
30355
29959
29968
30364
30031
29986
29941
30265
30274
30391
29932
30238
30076
30094
29941
30184
30337
30220
30031
30202
30004
30103
30256
30166
30175
29923
29968
30256
29959
30067
29923
30076
30175
30076
29977
30058
30103
30148
30121
Time taken: 1:01:23 (H:MM:SS)
4 cores
29905 best score// 29752 eigenlijk beste score